0	0.131578947	0.052631579
1	0.131189083	0.052339181
2	0.13079922	0.052046784
3	0.130409356	0.051754386
4	0.130019493	0.051461988
5	0.129629629	0.051169591
6	0.129239766	0.050877193
7	0.128849902	0.050584795
8	0.128460039	0.050292398
9	0.128070175	0.05
10	0.127680312	0.049707602
11	0.127290448	0.049415205
12	0.126900585	0.049122807
13	0.126510721	0.048830409
14	0.126120857	0.048538012
15	0.125730994	0.048245614
16	0.12534113	0.047953216
17	0.124951267	0.047660819
18	0.124561403	0.047368421
19	0.12417154	0.047076023
20	0.123781676	0.046783626
21	0.123391813	0.046491228
22	0.123001949	0.04619883
23	0.122612086	0.045906433
24	0.122222222	0.045614035
25	0.121832359	0.045321637
26	0.121442495	0.04502924
27	0.121052632	0.044736842
28	0.120662768	0.044444444
29	0.120272904	0.044152047
30	0.119883041	0.043859649
31	0.119493177	0.043567251
32	0.119103314	0.043274854
33	0.11871345	0.042982456
34	0.118323587	0.042690058
35	0.117933723	0.042397661
36	0.11754386	0.042105263
37	0.117153996	0.041812865
38	0.116764133	0.041520468
39	0.116374269	0.04122807
40	0.115984406	0.040935672
41	0.115594542	0.040643275
42	0.115204678	0.040350877
43	0.114814815	0.040058479
44	0.114424951	0.039766082
45	0.114035088	0.039473684
46	0.113645224	0.039181286
47	0.113255361	0.038888889
48	0.112865497	0.038596491
49	0.112475634	0.038304093
50	0.11208577	0.038011696
51	0.111695907	0.037719298
52	0.111306043	0.0374269
53	0.11091618	0.037134503
54	0.110526316	0.036842105
55	0.11008772	0.037231969
56	0.109649123	0.037621832
57	0.109210527	0.038011696
58	0.10877193	0.038401559
59	0.108333334	0.038791423
60	0.107894737	0.039181286
61	0.107456141	0.03957115
62	0.107017544	0.039961013
63	0.106578948	0.040350877
64	0.106140351	0.040740741
65	0.105701755	0.041130604
66	0.105263158	0.041520468
67	0.104824562	0.041910331
68	0.104385965	0.042300195
69	0.103947369	0.042690058
70	0.103508772	0.043079922
71	0.103070176	0.043469785
72	0.102631579	0.043859649
73	0.102192983	0.044249513
74	0.101754386	0.044639376
75	0.10131579	0.04502924
76	0.100877193	0.045419103
77	0.100438597	0.045808967
78	0.1	0.04619883
79	0.099561404	0.046588694
80	0.099122807	0.046978557
81	0.098684211	0.047368421
82	0.098245614	0.047758285
83	0.097807018	0.048148148
84	0.097368421	0.048538012
85	0.096929825	0.048927875
86	0.096491228	0.049317739
87	0.096052632	0.049707602
88	0.095614035	0.050097466
89	0.095175439	0.050487329
90	0.094736842	0.050877193
91	0.094298246	0.051267057
92	0.093859649	0.05165692
93	0.093421053	0.052046784
94	0.092982456	0.052436647
95	0.09254386	0.052826511
96	0.092105263	0.053216374
97	0.091666667	0.053606238
98	0.09122807	0.053996101
99	0.090789474	0.054385965
100	0.090350877	0.054775829
101	0.089912281	0.055165692
102	0.089473684	0.055555556
103	0.089035088	0.055945419
104	0.088596491	0.056335283
105	0.088157895	0.056725146
106	0.087719298	0.05711501
107	0.087280702	0.057504873
108	0.086842105	0.057894737
109	0.087183236	0.057456141
110	0.087524366	0.057017544
111	0.087865497	0.056578948
112	0.088206627	0.056140351
113	0.088547758	0.055701755
114	0.088888889	0.055263158
115	0.089230019	0.054824562
116	0.08957115	0.054385965
117	0.089912281	0.053947369
118	0.090253411	0.053508772
119	0.090594542	0.053070176
120	0.090935672	0.052631579
121	0.091276803	0.052192983
122	0.091617934	0.051754386
123	0.091959064	0.05131579
124	0.092300195	0.050877193
125	0.092641325	0.050438597
126	0.092982456	0.05
127	0.093323587	0.049561404
128	0.093664717	0.049122807
129	0.094005848	0.048684211
130	0.094346978	0.048245614
131	0.094688109	0.047807018
132	0.09502924	0.047368421
133	0.09537037	0.046929825
134	0.095711501	0.046491228
135	0.096052632	0.046052632
136	0.096393762	0.045614035
137	0.096734893	0.045175439
138	0.097076023	0.044736842
139	0.097417154	0.044298246
140	0.097758285	0.043859649
141	0.098099415	0.043421053
142	0.098440546	0.042982456
143	0.098781676	0.04254386
144	0.099122807	0.042105263
145	0.099463938	0.041666667
146	0.099805068	0.04122807
147	0.100146199	0.040789474
148	0.100487329	0.040350877
149	0.10082846	0.039912281
150	0.101169591	0.039473684
151	0.101510721	0.039035088
152	0.101851852	0.038596491
153	0.102192983	0.038157895
154	0.102534113	0.037719298
155	0.102875244	0.037280702
156	0.103216374	0.036842105
157	0.103557505	0.036403509
158	0.103898636	0.035964912
159	0.104239766	0.035526316
160	0.104580897	0.035087719
161	0.104922027	0.034649123
162	0.105263158	0.034210526
163	0.105116959	0.034649123
164	0.10497076	0.035087719
165	0.104824562	0.035526316
166	0.104678363	0.035964912
167	0.104532164	0.036403509
168	0.104385965	0.036842105
169	0.104239766	0.037280702
170	0.104093567	0.037719298
171	0.103947369	0.038157895
172	0.10380117	0.038596491
173	0.103654971	0.039035088
174	0.103508772	0.039473684
175	0.103362573	0.039912281
176	0.103216374	0.040350877
177	0.103070176	0.040789474
178	0.102923977	0.04122807
179	0.102777778	0.041666667
180	0.102631579	0.042105263
181	0.10248538	0.04254386
182	0.102339181	0.042982456
183	0.102192983	0.043421053
184	0.102046784	0.043859649
185	0.101900585	0.044298246
186	0.101754386	0.044736842
187	0.101608187	0.045175439
188	0.101461988	0.045614035
189	0.10131579	0.046052632
190	0.101169591	0.046491228
191	0.101023392	0.046929825
192	0.100877193	0.047368421
193	0.100730994	0.047807018
194	0.100584795	0.048245614
195	0.100438597	0.048684211
196	0.100292398	0.049122807
197	0.100146199	0.049561404
198	0.1	0.05
199	0.099853801	0.050438597
200	0.099707602	0.050877193
201	0.099561404	0.05131579
202	0.099415205	0.051754386
203	0.099269006	0.052192983
204	0.099122807	0.052631579
205	0.098976608	0.053070176
206	0.098830409	0.053508772
207	0.098684211	0.053947369
208	0.098538012	0.054385965
209	0.098391813	0.054824562
210	0.098245614	0.055263158
211	0.098099415	0.055701755
212	0.097953216	0.056140351
213	0.097807018	0.056578948
214	0.097660819	0.057017544
215	0.09751462	0.057456141
216	0.097368421	0.057894737
217	0.09668616	0.057602339
218	0.096003899	0.057309942
219	0.095321637	0.057017544
220	0.094639376	0.056725146
221	0.093957115	0.056432749
222	0.093274854	0.056140351
223	0.092592593	0.055847953
224	0.091910331	0.055555556
225	0.09122807	0.055263158
226	0.090545809	0.05497076
227	0.089863548	0.054678363
228	0.089181287	0.054385965
229	0.088499025	0.054093567
230	0.087816764	0.05380117
231	0.087134503	0.053508772
232	0.086452242	0.053216374
233	0.085769981	0.052923977
234	0.085087719	0.052631579
235	0.084405458	0.052339181
236	0.083723197	0.052046784
237	0.083040936	0.051754386
238	0.082358675	0.051461988
239	0.081676413	0.051169591
240	0.080994152	0.050877193
241	0.080311891	0.050584795
242	0.07962963	0.050292398
243	0.078947369	0.05
244	0.078265107	0.049707602
245	0.077582846	0.049415205
246	0.076900585	0.049122807
247	0.076218324	0.048830409
248	0.075536062	0.048538012
249	0.074853801	0.048245614
250	0.07417154	0.047953216
251	0.073489279	0.047660819
252	0.072807018	0.047368421
253	0.072124756	0.047076023
254	0.071442495	0.046783626
255	0.070760234	0.046491228
256	0.070077973	0.04619883
257	0.069395712	0.045906433
258	0.06871345	0.045614035
259	0.068031189	0.045321637
260	0.067348928	0.04502924
261	0.066666667	0.044736842
262	0.065984406	0.044444444
263	0.065302144	0.044152047
264	0.064619883	0.043859649
265	0.063937622	0.043567251
266	0.063255361	0.043274854
267	0.0625731	0.042982456
268	0.061890838	0.042690058
269	0.061208577	0.042397661
270	0.060526316	0.042105263
271	0.06042885	0.041861598
272	0.060331384	0.041617934
273	0.060233918	0.041374269
274	0.060136452	0.041130604
275	0.060038987	0.040886939
276	0.059941521	0.040643275
277	0.059844055	0.04039961
278	0.059746589	0.040155945
279	0.059649123	0.039912281
280	0.059551657	0.039668616
281	0.059454191	0.039424951
282	0.059356725	0.039181286
283	0.059259259	0.038937622
284	0.059161794	0.038693957
285	0.059064328	0.038450292
286	0.058966862	0.038206627
287	0.058869396	0.037962963
288	0.05877193	0.037719298
289	0.058674464	0.037475633
290	0.058576998	0.037231969
291	0.058479532	0.036988304
292	0.058382066	0.036744639
293	0.058284601	0.036500974
294	0.058187135	0.03625731
295	0.058089669	0.036013645
296	0.057992203	0.03576998
297	0.057894737	0.035526316
298	0.057797271	0.035282651
299	0.057699805	0.035038986
300	0.057602339	0.034795321
301	0.057504873	0.034551657
302	0.057407408	0.034307992
303	0.057309942	0.034064327
304	0.057212476	0.033820662
305	0.05711501	0.033576998
306	0.057017544	0.033333333
307	0.056920078	0.033089668
308	0.056822612	0.032846004
309	0.056725146	0.032602339
310	0.05662768	0.032358674
311	0.056530215	0.032115009
312	0.056432749	0.031871345
313	0.056335283	0.03162768
314	0.056237817	0.031384015
315	0.056140351	0.031140351
316	0.056042885	0.030896686
317	0.055945419	0.030653021
318	0.055847953	0.030409356
319	0.055750487	0.030165692
320	0.055653022	0.029922027
321	0.055555556	0.029678362
322	0.05545809	0.029434697
323	0.055360624	0.029191033
324	0.055263158	0.028947368
325	0.055165692	0.0291423
326	0.055068226	0.029337232
327	0.05497076	0.029532163
328	0.054873294	0.029727095
329	0.054775829	0.029922027
330	0.054678363	0.030116959
331	0.054580897	0.03031189
332	0.054483431	0.030506822
333	0.054385965	0.030701754
334	0.054288499	0.030896686
335	0.054191033	0.031091618
336	0.054093567	0.031286549
337	0.053996101	0.031481481
338	0.053898636	0.031676413
339	0.05380117	0.031871345
340	0.053703704	0.032066276
341	0.053606238	0.032261208
342	0.053508772	0.03245614
343	0.053411306	0.032651072
344	0.05331384	0.032846004
345	0.053216374	0.033040935
346	0.053118908	0.033235867
347	0.053021443	0.033430799
348	0.052923977	0.033625731
349	0.052826511	0.033820662
350	0.052729045	0.034015594
351	0.052631579	0.034210526
352	0.052534113	0.034405458
353	0.052436647	0.03460039
354	0.052339181	0.034795321
355	0.052241715	0.034990253
356	0.05214425	0.035185185
357	0.052046784	0.035380117
358	0.051949318	0.035575048
359	0.051851852	0.03576998
360	0.051754386	0.035964912
361	0.05165692	0.036159844
362	0.051559454	0.036354776
363	0.051461988	0.036549707
364	0.051364522	0.036744639
365	0.051267057	0.036939571
366	0.051169591	0.037134503
367	0.051072125	0.037329434
368	0.050974659	0.037524366
369	0.050877193	0.037719298
370	0.050779727	0.03791423
371	0.050682261	0.038109162
372	0.050584795	0.038304093
373	0.050487329	0.038499025
374	0.050389864	0.038693957
375	0.050292398	0.038888889
376	0.050194932	0.03908382
377	0.050097466	0.039278752
378	0.05	0.039473684
379	0.050097466	0.039376218
380	0.050194932	0.039278752
381	0.050292398	0.039181286
382	0.050389864	0.03908382
383	0.050487329	0.038986355
384	0.050584795	0.038888889
385	0.050682261	0.038791423
386	0.050779727	0.038693957
387	0.050877193	0.038596491
388	0.050974659	0.038499025
389	0.051072125	0.038401559
390	0.051169591	0.038304093
391	0.051267057	0.038206627
392	0.051364522	0.038109162
393	0.051461988	0.038011696
394	0.051559454	0.03791423
395	0.05165692	0.037816764
396	0.051754386	0.037719298
397	0.051851852	0.037621832
398	0.051949318	0.037524366
399	0.052046784	0.0374269
400	0.05214425	0.037329434
401	0.052241715	0.037231969
402	0.052339181	0.037134503
403	0.052436647	0.037037037
404	0.052534113	0.036939571
405	0.052631579	0.036842105
406	0.052729045	0.036744639
407	0.052826511	0.036647173
408	0.052923977	0.036549707
409	0.053021443	0.036452241
410	0.053118908	0.036354776
411	0.053216374	0.03625731
412	0.05331384	0.036159844
413	0.053411306	0.036062378
414	0.053508772	0.035964912
415	0.053606238	0.035867446
416	0.053703704	0.03576998
417	0.05380117	0.035672514
418	0.053898636	0.035575048
419	0.053996101	0.035477583
420	0.054093567	0.035380117
421	0.054191033	0.035282651
422	0.054288499	0.035185185
423	0.054385965	0.035087719
424	0.054483431	0.034990253
425	0.054580897	0.034892787
426	0.054678363	0.034795321
427	0.054775829	0.034697855
428	0.054873294	0.03460039
429	0.05497076	0.034502924
430	0.055068226	0.034405458
431	0.055165692	0.034307992
432	0.055263158	0.034210526
433	0.055165692	0.03411306
434	0.055068226	0.034015594
435	0.05497076	0.033918128
436	0.054873294	0.033820662
437	0.054775829	0.033723197
438	0.054678363	0.033625731
439	0.054580897	0.033528265
440	0.054483431	0.033430799
441	0.054385965	0.033333333
442	0.054288499	0.033235867
443	0.054191033	0.033138401
444	0.054093567	0.033040935
445	0.053996101	0.032943469
446	0.053898636	0.032846004
447	0.05380117	0.032748538
448	0.053703704	0.032651072
449	0.053606238	0.032553606
450	0.053508772	0.03245614
451	0.053411306	0.032358674
452	0.05331384	0.032261208
453	0.053216374	0.032163742
454	0.053118908	0.032066276
455	0.053021443	0.031968811
456	0.052923977	0.031871345
457	0.052826511	0.031773879
458	0.052729045	0.031676413
459	0.052631579	0.031578947
460	0.052534113	0.031481481
461	0.052436647	0.031384015
462	0.052339181	0.031286549
463	0.052241715	0.031189083
464	0.05214425	0.031091618
465	0.052046784	0.030994152
466	0.051949318	0.030896686
467	0.051851852	0.03079922
468	0.051754386	0.030701754
469	0.05165692	0.030604288
470	0.051559454	0.030506822
471	0.051461988	0.030409356
472	0.051364522	0.03031189
473	0.051267057	0.030214425
474	0.051169591	0.030116959
475	0.051072125	0.030019493
476	0.050974659	0.029922027
477	0.050877193	0.029824561
478	0.050779727	0.029727095
479	0.050682261	0.029629629
480	0.050584795	0.029532163
481	0.050487329	0.029434697
482	0.050389864	0.029337232
483	0.050292398	0.029239766
484	0.050194932	0.0291423
485	0.050097466	0.029044834
486	0.05	0.028947368
487	0.049463938	0.028557504
488	0.048927875	0.028167641
489	0.048391813	0.027777777
490	0.047855751	0.027387914
491	0.047319688	0.02699805
492	0.046783626	0.026608187
493	0.046247563	0.026218323
494	0.045711501	0.02582846
495	0.045175439	0.025438596
496	0.044639376	0.025048733
497	0.044103314	0.024658869
498	0.043567252	0.024269006
499	0.043031189	0.023879142
500	0.042495127	0.023489278
501	0.041959064	0.023099415
502	0.041423002	0.022709551
503	0.04088694	0.022319688
504	0.040350877	0.021929824
505	0.039814815	0.021539961
506	0.039278753	0.021150097
507	0.03874269	0.020760234
508	0.038206628	0.02037037
509	0.037670565	0.019980507
510	0.037134503	0.019590643
511	0.036598441	0.01920078
512	0.036062378	0.018810916
513	0.035526316	0.018421053
514	0.034990254	0.018031189
515	0.034454191	0.017641325
516	0.033918129	0.017251462
517	0.033382067	0.016861598
518	0.032846004	0.016471735
519	0.032309942	0.016081871
520	0.031773879	0.015692008
521	0.031237817	0.015302144
522	0.030701755	0.014912281
523	0.030165692	0.014522417
524	0.02962963	0.014132554
525	0.029093568	0.01374269
526	0.028557505	0.013352827
527	0.028021443	0.012962963
528	0.02748538	0.012573099
529	0.026949318	0.012183236
530	0.026413256	0.011793372
531	0.025877193	0.011403509
532	0.025341131	0.011013645
533	0.024805069	0.010623782
534	0.024269006	0.010233918
535	0.023732944	0.009844055
536	0.023196881	0.009454191
537	0.022660819	0.009064328
538	0.022124757	0.008674464
539	0.021588694	0.008284601
540	0.021052632	0.007894737
541	0.020955166	0.007846004
542	0.0208577	0.007797271
543	0.020760234	0.007748538
544	0.020662768	0.007699805
545	0.020565303	0.007651072
546	0.020467837	0.007602339
547	0.020370371	0.007553606
548	0.020272905	0.007504873
549	0.020175439	0.007456141
550	0.020077973	0.007407408
551	0.019980507	0.007358675
552	0.019883041	0.007309942
553	0.019785575	0.007261209
554	0.01968811	0.007212476
555	0.019590644	0.007163743
556	0.019493178	0.00711501
557	0.019395712	0.007066277
558	0.019298246	0.007017544
559	0.01920078	0.006968811
560	0.019103314	0.006920078
561	0.019005848	0.006871345
562	0.018908382	0.006822612
563	0.018810917	0.006773879
564	0.018713451	0.006725146
565	0.018615985	0.006676413
566	0.018518519	0.00662768
567	0.018421053	0.006578948
568	0.018323587	0.006530215
569	0.018226121	0.006481482
570	0.018128655	0.006432749
571	0.018031189	0.006384016
572	0.017933724	0.006335283
573	0.017836258	0.00628655
574	0.017738792	0.006237817
575	0.017641326	0.006189084
576	0.01754386	0.006140351
577	0.017446394	0.006091618
578	0.017348928	0.006042885
579	0.017251462	0.005994152
580	0.017153996	0.005945419
581	0.017056531	0.005896686
582	0.016959065	0.005847953
583	0.016861599	0.00579922
584	0.016764133	0.005750487
585	0.016666667	0.005701755
586	0.016569201	0.005653022
587	0.016471735	0.005604289
588	0.016374269	0.005555556
589	0.016276803	0.005506823
590	0.016179338	0.00545809
591	0.016081872	0.005409357
592	0.015984406	0.005360624
593	0.01588694	0.005311891
594	0.015789474	0.005263158
595	0.015643275	0.005263158
596	0.015497076	0.005263158
597	0.015350878	0.005263158
598	0.015204679	0.005263158
599	0.01505848	0.005263158
600	0.014912281	0.005263158
601	0.014766082	0.005263158
602	0.014619883	0.005263158
603	0.014473685	0.005263158
604	0.014327486	0.005263158
605	0.014181287	0.005263158
606	0.014035088	0.005263158
607	0.013888889	0.005263158
608	0.01374269	0.005263158
609	0.013596492	0.005263158
610	0.013450293	0.005263158
611	0.013304094	0.005263158
612	0.013157895	0.005263158
613	0.013011696	0.005263158
614	0.012865497	0.005263158
615	0.012719299	0.005263158
616	0.0125731	0.005263158
617	0.012426901	0.005263158
618	0.012280702	0.005263158
619	0.012134503	0.005263158
620	0.011988304	0.005263158
621	0.011842106	0.005263158
622	0.011695907	0.005263158
623	0.011549708	0.005263158
624	0.011403509	0.005263158
625	0.01125731	0.005263158
626	0.011111111	0.005263158
627	0.010964913	0.005263158
628	0.010818714	0.005263158
629	0.010672515	0.005263158
630	0.010526316	0.005263158
631	0.010380117	0.005263158
632	0.010233918	0.005263158
633	0.01008772	0.005263158
634	0.009941521	0.005263158
635	0.009795322	0.005263158
636	0.009649123	0.005263158
637	0.009502924	0.005263158
638	0.009356725	0.005263158
639	0.009210527	0.005263158
640	0.009064328	0.005263158
641	0.008918129	0.005263158
642	0.00877193	0.005263158
643	0.008625731	0.005263158
644	0.008479532	0.005263158
645	0.008333334	0.005263158
646	0.008187135	0.005263158
647	0.008040936	0.005263158
648	0.007894737	0.005263158
649	0.008040936	0.005263158
650	0.008187135	0.005263158
651	0.008333334	0.005263158
652	0.008479532	0.005263158
653	0.008625731	0.005263158
654	0.00877193	0.005263158
655	0.008918129	0.005263158
656	0.009064328	0.005263158
657	0.009210527	0.005263158
658	0.009356725	0.005263158
659	0.009502924	0.005263158
660	0.009649123	0.005263158
661	0.009795322	0.005263158
662	0.009941521	0.005263158
663	0.01008772	0.005263158
664	0.010233918	0.005263158
665	0.010380117	0.005263158
666	0.010526316	0.005263158
667	0.010672515	0.005263158
668	0.010818714	0.005263158
669	0.010964913	0.005263158
670	0.011111111	0.005263158
671	0.01125731	0.005263158
672	0.011403509	0.005263158
673	0.011549708	0.005263158
674	0.011695907	0.005263158
675	0.011842106	0.005263158
676	0.011988304	0.005263158
677	0.012134503	0.005263158
678	0.012280702	0.005263158
679	0.012426901	0.005263158
680	0.0125731	0.005263158
681	0.012719299	0.005263158
682	0.012865497	0.005263158
683	0.013011696	0.005263158
684	0.013157895	0.005263158
685	0.013304094	0.005263158
686	0.013450293	0.005263158
687	0.013596492	0.005263158
688	0.01374269	0.005263158
689	0.013888889	0.005263158
690	0.014035088	0.005263158
691	0.014181287	0.005263158
692	0.014327486	0.005263158
693	0.014473685	0.005263158
694	0.014619883	0.005263158
695	0.014766082	0.005263158
696	0.014912281	0.005263158
697	0.01505848	0.005263158
698	0.015204679	0.005263158
699	0.015350878	0.005263158
700	0.015497076	0.005263158
701	0.015643275	0.005263158
702	0.015789474	0.005263158
703	0.01588694	0.005360624
704	0.015984406	0.00545809
705	0.016081872	0.005555556
706	0.016179338	0.005653022
707	0.016276803	0.005750487
708	0.016374269	0.005847953
709	0.016471735	0.005945419
710	0.016569201	0.006042885
711	0.016666667	0.006140351
712	0.016764133	0.006237817
713	0.016861599	0.006335283
714	0.016959065	0.006432749
715	0.017056531	0.006530215
716	0.017153996	0.00662768
717	0.017251462	0.006725146
718	0.017348928	0.006822612
719	0.017446394	0.006920078
720	0.01754386	0.007017544
721	0.017641326	0.00711501
722	0.017738792	0.007212476
723	0.017836258	0.007309942
724	0.017933724	0.007407408
725	0.018031189	0.007504873
726	0.018128655	0.007602339
727	0.018226121	0.007699805
728	0.018323587	0.007797271
729	0.018421053	0.007894737
730	0.018518519	0.007992203
731	0.018615985	0.008089669
732	0.018713451	0.008187135
733	0.018810917	0.008284601
734	0.018908382	0.008382066
735	0.019005848	0.008479532
736	0.019103314	0.008576998
737	0.01920078	0.008674464
738	0.019298246	0.00877193
739	0.019395712	0.008869396
740	0.019493178	0.008966862
741	0.019590644	0.009064328
742	0.01968811	0.009161794
743	0.019785575	0.009259259
744	0.019883041	0.009356725
745	0.019980507	0.009454191
746	0.020077973	0.009551657
747	0.020175439	0.009649123
748	0.020272905	0.009746589
749	0.020370371	0.009844055
750	0.020467837	0.009941521
751	0.020565303	0.010038987
752	0.020662768	0.010136452
753	0.020760234	0.010233918
754	0.0208577	0.010331384
755	0.020955166	0.01042885
756	0.021052632	0.010526316
757	0.021393763	0.010818714
758	0.021734893	0.011111111
759	0.022076024	0.011403509
760	0.022417154	0.011695907
761	0.022758285	0.011988304
762	0.023099416	0.012280702
763	0.023440546	0.0125731
764	0.023781677	0.012865497
765	0.024122807	0.013157895
766	0.024463938	0.013450292
767	0.024805069	0.01374269
768	0.025146199	0.014035088
769	0.02548733	0.014327485
770	0.02582846	0.014619883
771	0.026169591	0.014912281
772	0.026510721	0.015204678
773	0.026851852	0.015497076
774	0.027192983	0.015789474
775	0.027534113	0.016081871
776	0.027875244	0.016374269
777	0.028216374	0.016666667
778	0.028557505	0.016959064
779	0.028898636	0.017251462
780	0.029239766	0.01754386
781	0.029580897	0.017836257
782	0.029922027	0.018128655
783	0.030263158	0.018421053
784	0.030604289	0.01871345
785	0.030945419	0.019005848
786	0.03128655	0.019298245
787	0.03162768	0.019590643
788	0.031968811	0.019883041
789	0.032309942	0.020175438
790	0.032651072	0.020467836
791	0.032992203	0.020760234
792	0.033333333	0.021052631
793	0.033674464	0.021345029
794	0.034015595	0.021637427
795	0.034356725	0.021929824
796	0.034697856	0.022222222
797	0.035038986	0.02251462
798	0.035380117	0.022807017
799	0.035721247	0.023099415
800	0.036062378	0.023391813
801	0.036403509	0.02368421
802	0.036744639	0.023976608
803	0.03708577	0.024269005
804	0.0374269	0.024561403
805	0.037768031	0.024853801
806	0.038109162	0.025146198
807	0.038450292	0.025438596
808	0.038791423	0.025730994
809	0.039132553	0.026023391
810	0.039473684	0.026315789
811	0.040155945	0.026461988
812	0.040838206	0.026608187
813	0.041520468	0.026754386
814	0.042202729	0.026900584
815	0.04288499	0.027046783
816	0.043567251	0.027192982
817	0.044249512	0.027339181
818	0.044931774	0.02748538
819	0.045614035	0.027631579
820	0.046296296	0.027777777
821	0.046978557	0.027923976
822	0.047660818	0.028070175
823	0.04834308	0.028216374
824	0.049025341	0.028362573
825	0.049707602	0.028508772
826	0.050389863	0.02865497
827	0.051072124	0.028801169
828	0.051754386	0.028947368
829	0.052436647	0.029093567
830	0.053118908	0.029239766
831	0.053801169	0.029385965
832	0.05448343	0.029532163
833	0.055165692	0.029678362
834	0.055847953	0.029824561
835	0.056530214	0.02997076
836	0.057212475	0.030116959
837	0.057894737	0.030263158
838	0.058576998	0.030409356
839	0.059259259	0.030555555
840	0.05994152	0.030701754
841	0.060623781	0.030847953
842	0.061306043	0.030994152
843	0.061988304	0.031140351
844	0.062670565	0.031286549
845	0.063352826	0.031432748
846	0.064035087	0.031578947
847	0.064717349	0.031725146
848	0.06539961	0.031871345
849	0.066081871	0.032017544
850	0.066764132	0.032163742
851	0.067446393	0.032309941
852	0.068128655	0.03245614
853	0.068810916	0.032602339
854	0.069493177	0.032748538
855	0.070175438	0.032894737
856	0.070857699	0.033040935
857	0.071539961	0.033187134
858	0.072222222	0.033333333
859	0.072904483	0.033479532
860	0.073586744	0.033625731
861	0.074269005	0.03377193
862	0.074951267	0.033918128
863	0.075633528	0.034064327
864	0.076315789	0.034210526
865	0.076315789	0.034015594
866	0.076315789	0.033820662
867	0.076315789	0.033625731
868	0.076315789	0.033430799
869	0.076315789	0.033235867
870	0.076315789	0.033040935
871	0.076315789	0.032846004
872	0.076315789	0.032651072
873	0.076315789	0.03245614
874	0.076315789	0.032261208
875	0.076315789	0.032066277
876	0.076315789	0.031871345
877	0.076315789	0.031676413
878	0.076315789	0.031481481
879	0.076315789	0.03128655
880	0.076315789	0.031091618
881	0.076315789	0.030896686
882	0.076315789	0.030701754
883	0.076315789	0.030506823
884	0.076315789	0.030311891
885	0.076315789	0.030116959
886	0.076315789	0.029922027
887	0.076315789	0.029727096
888	0.076315789	0.029532164
889	0.076315789	0.029337232
890	0.076315789	0.0291423
891	0.076315789	0.028947369
892	0.076315789	0.028752437
893	0.076315789	0.028557505
894	0.076315789	0.028362573
895	0.076315789	0.028167641
896	0.076315789	0.02797271
897	0.076315789	0.027777778
898	0.076315789	0.027582846
899	0.076315789	0.027387914
900	0.076315789	0.027192983
901	0.076315789	0.026998051
902	0.076315789	0.026803119
903	0.076315789	0.026608187
904	0.076315789	0.026413256
905	0.076315789	0.026218324
906	0.076315789	0.026023392
907	0.076315789	0.02582846
908	0.076315789	0.025633529
909	0.076315789	0.025438597
910	0.076315789	0.025243665
911	0.076315789	0.025048733
912	0.076315789	0.024853802
913	0.076315789	0.02465887
914	0.076315789	0.024463938
915	0.076315789	0.024269006
916	0.076315789	0.024074075
917	0.076315789	0.023879143
918	0.076315789	0.023684211
919	0.076608187	0.02383041
920	0.076900584	0.023976609
921	0.077192982	0.024122807
922	0.07748538	0.024269006
923	0.077777777	0.024415205
924	0.078070175	0.024561404
925	0.078362573	0.024707603
926	0.07865497	0.024853802
927	0.078947368	0.025
928	0.079239766	0.025146199
929	0.079532163	0.025292398
930	0.079824561	0.025438597
931	0.080116959	0.025584796
932	0.080409356	0.025730994
933	0.080701754	0.025877193
934	0.080994152	0.026023392
935	0.081286549	0.026169591
936	0.081578947	0.02631579
937	0.081871345	0.026461988
938	0.082163742	0.026608187
939	0.08245614	0.026754386
940	0.082748538	0.026900585
941	0.083040935	0.027046784
942	0.083333333	0.027192983
943	0.083625731	0.027339181
944	0.083918128	0.02748538
945	0.084210526	0.027631579
946	0.084502924	0.027777778
947	0.084795321	0.027923977
948	0.085087719	0.028070175
949	0.085380117	0.028216374
950	0.085672514	0.028362573
951	0.085964912	0.028508772
952	0.08625731	0.028654971
953	0.086549707	0.02880117
954	0.086842105	0.028947368
955	0.087134503	0.029093567
956	0.0874269	0.029239766
957	0.087719298	0.029385965
958	0.088011696	0.029532164
959	0.088304093	0.029678362
960	0.088596491	0.029824561
961	0.088888889	0.02997076
962	0.089181286	0.030116959
963	0.089473684	0.030263158
964	0.089766082	0.030409356
965	0.090058479	0.030555555
966	0.090350877	0.030701754
967	0.090643275	0.030847953
968	0.090935672	0.030994152
969	0.09122807	0.031140351
970	0.091520468	0.031286549
971	0.091812865	0.031432748
972	0.092105263	0.031578947
973	0.092251462	0.03162768
974	0.092397661	0.031676413
975	0.09254386	0.031725146
976	0.092690058	0.031773879
977	0.092836257	0.031822612
978	0.092982456	0.031871345
979	0.093128655	0.031920078
980	0.093274854	0.031968811
981	0.093421053	0.032017544
982	0.093567251	0.032066276
983	0.09371345	0.032115009
984	0.093859649	0.032163742
985	0.094005848	0.032212475
986	0.094152047	0.032261208
987	0.094298246	0.032309941
988	0.094444444	0.032358674
989	0.094590643	0.032407407
990	0.094736842	0.03245614
991	0.094883041	0.032504873
992	0.09502924	0.032553606
993	0.095175439	0.032602339
994	0.095321637	0.032651072
995	0.095467836	0.032699805
996	0.095614035	0.032748538
997	0.095760234	0.032797271
998	0.095906433	0.032846004
999	0.096052632	0.032894737
1000	0.09619883	0.032943469
1001	0.096345029	0.032992202
1002	0.096491228	0.033040935
1003	0.096637427	0.033089668
1004	0.096783626	0.033138401
1005	0.096929825	0.033187134
1006	0.097076023	0.033235867
1007	0.097222222	0.0332846
1008	0.097368421	0.033333333
1009	0.09751462	0.033382066
1010	0.097660819	0.033430799
1011	0.097807018	0.033479532
1012	0.097953216	0.033528265
1013	0.098099415	0.033576998
1014	0.098245614	0.033625731
1015	0.098391813	0.033674464
1016	0.098538012	0.033723197
1017	0.098684211	0.03377193
1018	0.098830409	0.033820662
1019	0.098976608	0.033869395
1020	0.099122807	0.033918128
1021	0.099269006	0.033966861
1022	0.099415205	0.034015594
1023	0.099561404	0.034064327
1024	0.099707602	0.03411306
1025	0.099853801	0.034161793
1026	0.1	0.034210526
1027	0.100194932	0.034161793
1028	0.100389864	0.03411306
1029	0.100584795	0.034064327
1030	0.100779727	0.034015594
1031	0.100974659	0.033966861
1032	0.101169591	0.033918128
1033	0.101364522	0.033869395
1034	0.101559454	0.033820662
1035	0.101754386	0.03377193
1036	0.101949318	0.033723197
1037	0.10214425	0.033674464
1038	0.102339181	0.033625731
1039	0.102534113	0.033576998
1040	0.102729045	0.033528265
1041	0.102923977	0.033479532
1042	0.103118908	0.033430799
1043	0.10331384	0.033382066
1044	0.103508772	0.033333333
1045	0.103703704	0.0332846
1046	0.103898636	0.033235867
1047	0.104093567	0.033187134
1048	0.104288499	0.033138401
1049	0.104483431	0.033089668
1050	0.104678363	0.033040935
1051	0.104873294	0.032992202
1052	0.105068226	0.032943469
1053	0.105263158	0.032894737
1054	0.10545809	0.032846004
1055	0.105653022	0.032797271
1056	0.105847953	0.032748538
1057	0.106042885	0.032699805
1058	0.106237817	0.032651072
1059	0.106432749	0.032602339
1060	0.10662768	0.032553606
1061	0.106822612	0.032504873
1062	0.107017544	0.03245614
1063	0.107212476	0.032407407
1064	0.107407408	0.032358674
1065	0.107602339	0.032309941
1066	0.107797271	0.032261208
1067	0.107992203	0.032212475
1068	0.108187135	0.032163742
1069	0.108382066	0.032115009
1070	0.108576998	0.032066276
1071	0.10877193	0.032017544
1072	0.108966862	0.031968811
1073	0.109161794	0.031920078
1074	0.109356725	0.031871345
1075	0.109551657	0.031822612
1076	0.109746589	0.031773879
1077	0.109941521	0.031725146
1078	0.110136452	0.031676413
1079	0.110331384	0.03162768
1080	0.110526316	0.031578947
1081	0.110623782	0.031676413
1082	0.110721248	0.031773879
1083	0.110818714	0.031871345
1084	0.11091618	0.031968811
1085	0.111013645	0.032066276
1086	0.111111111	0.032163742
1087	0.111208577	0.032261208
1088	0.111306043	0.032358674
1089	0.111403509	0.03245614
1090	0.111500975	0.032553606
1091	0.111598441	0.032651072
1092	0.111695907	0.032748538
1093	0.111793373	0.032846004
1094	0.111890838	0.032943469
1095	0.111988304	0.033040935
1096	0.11208577	0.033138401
1097	0.112183236	0.033235867
1098	0.112280702	0.033333333
1099	0.112378168	0.033430799
1100	0.112475634	0.033528265
1101	0.1125731	0.033625731
1102	0.112670566	0.033723197
1103	0.112768031	0.033820662
1104	0.112865497	0.033918128
1105	0.112962963	0.034015594
1106	0.113060429	0.03411306
1107	0.113157895	0.034210526
1108	0.113255361	0.034307992
1109	0.113352827	0.034405458
1110	0.113450293	0.034502924
1111	0.113547759	0.03460039
1112	0.113645224	0.034697855
1113	0.11374269	0.034795321
1114	0.113840156	0.034892787
1115	0.113937622	0.034990253
1116	0.114035088	0.035087719
1117	0.114132554	0.035185185
1118	0.11423002	0.035282651
1119	0.114327486	0.035380117
1120	0.114424952	0.035477583
1121	0.114522417	0.035575048
1122	0.114619883	0.035672514
1123	0.114717349	0.03576998
1124	0.114814815	0.035867446
1125	0.114912281	0.035964912
1126	0.115009747	0.036062378
1127	0.115107213	0.036159844
1128	0.115204679	0.03625731
1129	0.115302145	0.036354776
1130	0.11539961	0.036452241
1131	0.115497076	0.036549707
1132	0.115594542	0.036647173
1133	0.115692008	0.036744639
1134	0.115789474	0.036842105
1135	0.115692008	0.036939571
1136	0.115594542	0.037037037
1137	0.115497076	0.037134503
1138	0.11539961	0.037231969
1139	0.115302145	0.037329434
1140	0.115204679	0.0374269
1141	0.115107213	0.037524366
1142	0.115009747	0.037621832
1143	0.114912281	0.037719298
1144	0.114814815	0.037816764
1145	0.114717349	0.03791423
1146	0.114619883	0.038011696
1147	0.114522417	0.038109162
1148	0.114424952	0.038206627
1149	0.114327486	0.038304093
1150	0.11423002	0.038401559
1151	0.114132554	0.038499025
1152	0.114035088	0.038596491
1153	0.113937622	0.038693957
1154	0.113840156	0.038791423
1155	0.11374269	0.038888889
1156	0.113645224	0.038986355
1157	0.113547759	0.03908382
1158	0.113450293	0.039181286
1159	0.113352827	0.039278752
1160	0.113255361	0.039376218
1161	0.113157895	0.039473684
1162	0.113060429	0.03957115
1163	0.112962963	0.039668616
1164	0.112865497	0.039766082
1165	0.112768031	0.039863548
1166	0.112670566	0.039961013
1167	0.1125731	0.040058479
1168	0.112475634	0.040155945
1169	0.112378168	0.040253411
1170	0.112280702	0.040350877
1171	0.112183236	0.040448343
1172	0.11208577	0.040545809
1173	0.111988304	0.040643275
1174	0.111890838	0.040740741
1175	0.111793373	0.040838206
1176	0.111695907	0.040935672
1177	0.111598441	0.041033138
1178	0.111500975	0.041130604
1179	0.111403509	0.04122807
1180	0.111306043	0.041325536
1181	0.111208577	0.041423002
1182	0.111111111	0.041520468
1183	0.111013645	0.041617934
1184	0.11091618	0.041715399
1185	0.110818714	0.041812865
1186	0.110721248	0.041910331
1187	0.110623782	0.042007797
1188	0.110526316	0.042105263
1189	0.111062378	0.042153996
1190	0.111598441	0.042202729
1191	0.112134503	0.042251462
1192	0.112670565	0.042300195
1193	0.113206628	0.042348928
1194	0.11374269	0.042397661
1195	0.114278753	0.042446394
1196	0.114814815	0.042495127
1197	0.115350877	0.04254386
1198	0.11588694	0.042592592
1199	0.116423002	0.042641325
1200	0.116959064	0.042690058
1201	0.117495127	0.042738791
1202	0.118031189	0.042787524
1203	0.118567252	0.042836257
1204	0.119103314	0.04288499
1205	0.119639376	0.042933723
1206	0.120175439	0.042982456
1207	0.120711501	0.043031189
1208	0.121247563	0.043079922
1209	0.121783626	0.043128655
1210	0.122319688	0.043177388
1211	0.122855751	0.043226121
1212	0.123391813	0.043274854
1213	0.123927875	0.043323587
1214	0.124463938	0.04337232
1215	0.125	0.043421053
1216	0.125536062	0.043469785
1217	0.126072125	0.043518518
1218	0.126608187	0.043567251
1219	0.127144249	0.043615984
1220	0.127680312	0.043664717
1221	0.128216374	0.04371345
1222	0.128752437	0.043762183
1223	0.129288499	0.043810916
1224	0.129824561	0.043859649
1225	0.130360624	0.043908382
1226	0.130896686	0.043957115
1227	0.131432748	0.044005848
1228	0.131968811	0.044054581
1229	0.132504873	0.044103314
1230	0.133040936	0.044152047
1231	0.133576998	0.04420078
1232	0.13411306	0.044249513
1233	0.134649123	0.044298246
1234	0.135185185	0.044346978
1235	0.135721247	0.044395711
1236	0.13625731	0.044444444
1237	0.136793372	0.044493177
1238	0.137329435	0.04454191
1239	0.137865497	0.044590643
1240	0.138401559	0.044639376
1241	0.138937622	0.044688109
1242	0.139473684	0.044736842
